('D = ', [-0.0005446495172923316, 0.0008348468448227508, -3.832746856670428e-05, -0.0001426272044201071, 0.0])
('K = ', [376.7441034346828, 0.0, 319.5130890230284, 0.0, 376.57258084610777, 178.05601131042945, 0.0, 0.0, 1.0])
('R = ', [1.0, 0.0, 0.0, 0.0, 1.0, 0.0, 0.0, 0.0, 1.0])
('P = ', [376.843994140625, 0.0, 319.385806970633, 0.0, 0.0, 376.7507629394531, 178.03669620282108, 0.0, 0.0, 0.0, 1.0, 0.0])
None
# oST version 5.0 parameters


[image]

width
640

height
360

[narrow_stereo]

camera matrix
376.744103 0.000000 319.513089
0.000000 376.572581 178.056011
0.000000 0.000000 1.000000

distortion
-0.000545 0.000835 -0.000038 -0.000143 0.000000

rectification
1.000000 0.000000 0.000000
0.000000 1.000000 0.000000
0.000000 0.000000 1.000000

projection
376.843994 0.000000 319.385807 0.000000
0.000000 376.750763 178.036696 0.000000
0.000000 0.000000 1.000000 0.000000



